1111111111111111111111111
0000000000000000000000000
0222222222222222222222220
0222222222222222222222220
0222222222222222222222220
0222222222222222222222220
0222222222222222222222220
0222222222222222222222220
0222222222222222222222220
0222222222222222222222220
0222222222222222222222220
0222222222222222222222220
0222222222222222222222220
0222222222222222222222220
0222222222222222222222220
0222222222222222222222220
0222222222222222222222220
0222222222222222222222220
0222222222222222222222220
0222222222222222222222220
0222222222222222222222220
0222222222222222222222220
0222222222222222222222220
0222222222222222222222220
0222222222222222222222220
0222222222222222222222220
0222222222222222222222220
0222222222222222222222220
0222222222222222222222220
0222222222222222222222220
0222222222222222222222220
0222222222222222222222220
0222222222222222222222220
0222222222222222222222220
0222222222222222222222220
0222222222222222222222220
0222222222222222222222220
0222222222222222222222220
0222222222222222222222220
0222222222222222222222220
0222222222222222222222220
0222222222222222222222220
0222222222222222222222220
0222222222222222222222220
0222222222222222222222220
0222222222222222222222220
0222222222222222222222220
0222222222222222222222220
0000000000000000000000000
