0000000111111111110000000
0222220111111111110222220
0222220111111111110222220
0222220111111111110222220
0222220111111111110222220
0222220000000000000222220
0222222222222222222222220
0222222222222222222222220
0222222000000000002222220
0222222011111111102222220
0222222011111111102222220
0222222001111111002222220
0222222200111110022222220
0222222220111110222222220
0222222220011100222222220
0222222222000002222222220
0222222222222222222222220
0222222222222222222222220
0222222222222222222222220
0222222222000002222222220
0222222222011102222222220
0222222222011102222222220
0222222222000002222222220
0222222222222222222222220
0222222222222222222222220
0002222222222222222222000
1102222222222222222222011
1102222222222222222222011
1102222222222222222222011
1102222222222222222222011
1102222222222222222222011
1102222222222222222222011
1102222222222222222222011
1102222222222222222222011
1102222222222222222222011
0002222222222222222222000
0222220000000000000222220
0222220111111111110222220
0222220111111111110222220
0222220111111111110222220
0222220000000000000222220
0222222222222222222222220
0000022222222222222200000
0111022222222222222201110
0111022222222222222201110
0111022222222222222201110
0111022222222222222201110
0111022222222222222201110
0000000000000000000000000
