1111111111100000000000000
1111111111102222222222220
1111111111102222222222220
1111111111102222222222220
1111111111102222222222220
1111111111102222222222220
0000000000002222222222220
0222222222222222222222220
0222222222222222222222220
0222222222222222222222220
0222222222222222222222220
0222222222222222222000000
0222222222222222222011110
0222222222222222222011110
0222222222222222222011110
0000222222222222222000000
1110222222222222222220111
1110222222222222222220111
1110222222222222222220111
1110222222222222222220111
1110222222222222222220111
1110222222222222222220111
0000222222222222222220000
0222222222222222222222220
0222222222222222222222220
0222222222222222222222220
0000222222222222222220000
1110222222222222222220111
1110222222222222222220111
1110222222222222222220111
1110222222222222222220111
1110222222222222222220111
1110222222222222222220111
0000002222222222222220000
0111102222222222222222220
0111102222222222222222220
0111102222222222222222220
0000002222222222222222220
0222222222222222222222220
0222222222222222222222220
0222222222222222222222220
0222222222222222222222220
0222222222222000000000000
0222222222222011111111111
0222222222222011111111111
0222222222222011111111111
0222222222222011111111111
0222222222222011111111111
0000000000000011111111111
