1111111110000000000000000
1111111110222222222222220
1111111110222222222222220
1111111110222222222222220
1111111110222222222222220
0000000000222222222222220
0222222222222222220000000
0222222222222222220111111
0222222222222222220111111
0222222222222222220111111
0222222222222222220111111
0222222222222222220111111
0222222222222222220000000
0222222222222222222222220
0222222222222222222222220
0222222222222222222222220
0222222222222222222222220
0000000222222222222222220
1111110222222222222222220
1111110222222222222222220
1111110222222222222222220
1111110222222222222222220
1111110222222222222222220
0000000222222222222222220
0222222222222222222222220
0222222222222222222222220
0222222222222222222222220
0222222222222222222222220
0222222222222222222222220
0222222222222222222222220
0222222222222222222222220
0222222222222222222222220
0222222222222222222222220
0222222222222222222222220
0222222222222222222222220
0222222222222222222222220
0222222222222222222222220
0222222222222222222222220
0222222222222222222222220
0000000022222222200000000
1111111022222222201111111
1111111000000000001111111
0000000111111111110000000
0222220111111111110222220
0222220111111111110222220
0222220111111111110222220
0222220111111111110222220
0222220111111111110222220
0000000111111111110000000
