1111111111111111111111111
1111111111111111111111111
0000000001111111111111111
0222222200000000000111111
0222222222222222220000000
0222222222222222222222220
0222222222222222222222220
0222222222222222222222220
0222222222222222222222220
0222222222222222222222220
0222222222222222222222220
0222222222222222222222220
0222222222222222222222220
0222222222222222222222220
0222222222222222222222220
0222222222222222222222220
0222222222222222222222220
0222222222222222222222220
0222222222222222222222220
0222222200022222222222220
0222222201022222222222220
0222222001022222222222220
0222222011022222222200000
0222222000022222222200000
0222222222222222222222220
0222222222222222222222220
0222222222222222222222220
0222222222222222222222220
0222222222222222222222220
0222222222222222200022220
0222222222222222201022220
0222222222222220001022220
0222222222222220111000220
0222222222222220000110220
0222222222222222220110220
0222222222222222220110220
0222222220002222220110220
0222222220102222220000220
0222222220002222222222220
0222222222222222222222220
0222222222222222222222220
0222220000222222222222220
0222220110002222222222220
0222220111102222222222220
0222220000002222222222220
0222222222222222222200000
0222222222222222220001111
0000002222222222200111111
1111100000000000001111111
